36331
47929
75976
84976
90010
92941
94109
94243
98066
101081
102552
103111
105800
109169
111027
111651
112354
112407
112471
112506
113048
113175
113183
113284
114179
114556
114718
114794
114806
114884
115121
115130
115149
115280
115688
115756
115923
115990
116056
116344
116382
116398
116418
116454
116596
116640
116957
116958
117314
117326
117754
117800
117837
117913
117966
118076
118079
118083
118125
118367
118384
118477
118494
118495
118545
118624
118669
118688
118779
118966
118968
119058
119168
119206
119323
119405
119483
119505
119515
119516
119809
119819
119872
119913
120229
